
DETpinpowers = [
    1    1    1    1     1     1     1    1    1    1  6.95156E+02 0.00472 
    2    1    1    1     1     1     1    1    1    2  7.20787E+02 0.00484 
    3    1    1    1     1     1     1    1    1    3  7.68909E+02 0.00501 
    4    1    1    1     1     1     1    1    1    4  8.27724E+02 0.00478 
    5    1    1    1     1     1     1    1    1    5  8.80851E+02 0.00450 
    6    1    1    1     1     1     1    1    1    6  9.23518E+02 0.00468 
    7    1    1    1     1     1     1    1    1    7  9.46767E+02 0.00466 
    8    1    1    1     1     1     1    1    1    8  9.62119E+02 0.00473 
    9    1    1    1     1     1     1    1    1    9  9.64127E+02 0.00367 
   10    1    1    1     1     1     1    1    1   10  9.47557E+02 0.00411 
   11    1    1    1     1     1     1    1    1   11  9.15263E+02 0.00422 
   12    1    1    1     1     1     1    1    1   12  8.79662E+02 0.00433 
   13    1    1    1     1     1     1    1    1   13  8.34206E+02 0.00554 
   14    1    1    1     1     1     1    1    1   14  7.75517E+02 0.00510 
   15    1    1    1     1     1     1    1    1   15  7.18814E+02 0.00561 
   16    1    1    1     1     1     1    1    1   16  6.89698E+02 0.00503 
   17    1    1    1     1     1     1    1    2    1  7.15660E+02 0.00565 
   18    1    1    1     1     1     1    1    2    2  7.31863E+02 0.00478 
   19    1    1    1     1     1     1    1    2    3  7.90604E+02 0.00383 
   20    1    1    1     1     1     1    1    2    4  8.40494E+02 0.00461 
   21    1    1    1     1     1     1    1    2    5  8.88626E+02 0.00504 
   22    1    1    1     1     1     1    1    2    6  9.32231E+02 0.00402 
   23    1    1    1     1     1     1    1    2    7  9.58299E+02 0.00414 
   24    1    1    1     1     1     1    1    2    8  9.71984E+02 0.00419 
   25    1    1    1     1     1     1    1    2    9  9.77817E+02 0.00421 
   26    1    1    1     1     1     1    1    2   10  9.67023E+02 0.00449 
   27    1    1    1     1     1     1    1    2   11  9.37234E+02 0.00446 
   28    1    1    1     1     1     1    1    2   12  8.94774E+02 0.00435 
   29    1    1    1     1     1     1    1    2   13  8.39262E+02 0.00438 
   30    1    1    1     1     1     1    1    2   14  7.82714E+02 0.00459 
   31    1    1    1     1     1     1    1    2   15  7.23981E+02 0.00523 
   32    1    1    1     1     1     1    1    2   16  7.17839E+02 0.00562 
   33    1    1    1     1     1     1    1    3    1  7.72075E+02 0.00459 
   34    1    1    1     1     1     1    1    3    2  7.85071E+02 0.00487 
   35    1    1    1     1     1     1    1    3    3  8.36290E+02 0.00423 
   36    1    1    1     1     1     1    1    3    4  9.02802E+02 0.00406 
   37    1    1    1     1     1     1    1    3    5  9.55223E+02 0.00388 
   38    1    1    1     1     1     1    1    3    6  1.00076E+03 0.00370 
   39    1    1    1     1     1     1    1    3    7  1.03599E+03 0.00364 
   40    1    1    1     1     1     1    1    3    8  1.05343E+03 0.00397 
   41    1    1    1     1     1     1    1    3    9  1.05277E+03 0.00359 
   42    1    1    1     1     1     1    1    3   10  1.02841E+03 0.00379 
   43    1    1    1     1     1     1    1    3   11  9.99867E+02 0.00389 
   44    1    1    1     1     1     1    1    3   12  9.61174E+02 0.00419 
   45    1    1    1     1     1     1    1    3   13  9.02566E+02 0.00455 
   46    1    1    1     1     1     1    1    3   14  8.31189E+02 0.00432 
   47    1    1    1     1     1     1    1    3   15  7.80429E+02 0.00447 
   48    1    1    1     1     1     1    1    3   16  7.81002E+02 0.00454 
   49    1    1    1     1     1     1    1    4    1  8.34747E+02 0.00417 
   50    1    1    1     1     1     1    1    4    2  8.45604E+02 0.00433 
   51    1    1    1     1     1     1    1    4    3  9.01197E+02 0.00385 
   52    1    1    1     1     1     1    1    4    4  9.72963E+02 0.00411 
   53    1    1    1     1     1     1    1    4    5  1.02348E+03 0.00420 
   54    1    1    1     1     1     1    1    4    6  1.06839E+03 0.00424 
   55    1    1    1     1     1     1    1    4    7  1.11178E+03 0.00383 
   56    1    1    1     1     1     1    1    4    8  1.13444E+03 0.00382 
   57    1    1    1     1     1     1    1    4    9  1.13515E+03 0.00368 
   58    1    1    1     1     1     1    1    4   10  1.10991E+03 0.00385 
   59    1    1    1     1     1     1    1    4   11  1.07436E+03 0.00395 
   60    1    1    1     1     1     1    1    4   12  1.02499E+03 0.00406 
   61    1    1    1     1     1     1    1    4   13  9.65564E+02 0.00445 
   62    1    1    1     1     1     1    1    4   14  8.97431E+02 0.00423 
   63    1    1    1     1     1     1    1    4   15  8.41549E+02 0.00506 
   64    1    1    1     1     1     1    1    4   16  8.28438E+02 0.00374 
   65    1    1    1     1     1     1    1    5    1  8.81058E+02 0.00502 
   66    1    1    1     1     1     1    1    5    2  8.96262E+02 0.00483 
   67    1    1    1     1     1     1    1    5    3  9.54177E+02 0.00414 
   68    1    1    1     1     1     1    1    5    4  1.03471E+03 0.00404 
   69    1    1    1     1     1     1    1    5    5  1.09245E+03 0.00410 
   70    1    1    1     1     1     1    1    5    6  1.14230E+03 0.00432 
   71    1    1    1     1     1     1    1    5    7  1.18078E+03 0.00373 
   72    1    1    1     1     1     1    1    5    8  1.19502E+03 0.00388 
   73    1    1    1     1     1     1    1    5    9  1.19792E+03 0.00361 
   74    1    1    1     1     1     1    1    5   10  1.18139E+03 0.00420 
   75    1    1    1     1     1     1    1    5   11  1.15345E+03 0.00393 
   76    1    1    1     1     1     1    1    5   12  1.09829E+03 0.00406 
   77    1    1    1     1     1     1    1    5   13  1.03087E+03 0.00385 
   78    1    1    1     1     1     1    1    5   14  9.50955E+02 0.00419 
   79    1    1    1     1     1     1    1    5   15  8.90246E+02 0.00413 
   80    1    1    1     1     1     1    1    5   16  8.79298E+02 0.00456 
   81    1    1    1     1     1     1    1    6    1  9.17486E+02 0.00454 
   82    1    1    1     1     1     1    1    6    2  9.37112E+02 0.00464 
   83    1    1    1     1     1     1    1    6    3  9.96075E+02 0.00432 
   84    1    1    1     1     1     1    1    6    4  1.07495E+03 0.00367 
   85    1    1    1     1     1     1    1    6    5  1.13649E+03 0.00288 
   86    1    1    1     1     1     1    1    6    6  1.19714E+03 0.00334 
   87    1    1    1     1     1     1    1    6    7  1.23608E+03 0.00352 
   88    1    1    1     1     1     1    1    6    8  1.25655E+03 0.00362 
   89    1    1    1     1     1     1    1    6    9  1.25440E+03 0.00338 
   90    1    1    1     1     1     1    1    6   10  1.23704E+03 0.00365 
   91    1    1    1     1     1     1    1    6   11  1.19958E+03 0.00419 
   92    1    1    1     1     1     1    1    6   12  1.14108E+03 0.00419 
   93    1    1    1     1     1     1    1    6   13  1.07496E+03 0.00405 
   94    1    1    1     1     1     1    1    6   14  1.00152E+03 0.00463 
   95    1    1    1     1     1     1    1    6   15  9.34883E+02 0.00481 
   96    1    1    1     1     1     1    1    6   16  9.24726E+02 0.00428 
   97    1    1    1     1     1     1    1    7    1  9.47420E+02 0.00466 
   98    1    1    1     1     1     1    1    7    2  9.63704E+02 0.00438 
   99    1    1    1     1     1     1    1    7    3  1.02872E+03 0.00414 
  100    1    1    1     1     1     1    1    7    4  1.10460E+03 0.00381 
  101    1    1    1     1     1     1    1    7    5  1.17547E+03 0.00356 
  102    1    1    1     1     1     1    1    7    6  1.23258E+03 0.00396 
  103    1    1    1     1     1     1    1    7    7  1.26872E+03 0.00402 
  104    1    1    1     1     1     1    1    7    8  1.28552E+03 0.00373 
  105    1    1    1     1     1     1    1    7    9  1.28598E+03 0.00349 
