
DETpinpowers = [
    1    1    1    1     1     1     1    1    1    1  6.92873E+02 0.00539 
    2    1    1    1     1     1     1    1    1    2  7.21172E+02 0.00458 
    3    1    1    1     1     1     1    1    1    3  7.74637E+02 0.00442 
    4    1    1    1     1     1     1    1    1    4  8.32648E+02 0.00499 
    5    1    1    1     1     1     1    1    1    5  8.81279E+02 0.00472 
    6    1    1    1     1     1     1    1    1    6  9.21155E+02 0.00396 
    7    1    1    1     1     1     1    1    1    7  9.44561E+02 0.00430 
    8    1    1    1     1     1     1    1    1    8  9.63353E+02 0.00423 
    9    1    1    1     1     1     1    1    1    9  9.68994E+02 0.00425 
   10    1    1    1     1     1     1    1    1   10  9.51376E+02 0.00383 
   11    1    1    1     1     1     1    1    1   11  9.27624E+02 0.00438 
   12    1    1    1     1     1     1    1    1   12  8.91983E+02 0.00442 
   13    1    1    1     1     1     1    1    1   13  8.38626E+02 0.00465 
   14    1    1    1     1     1     1    1    1   14  7.72343E+02 0.00481 
   15    1    1    1     1     1     1    1    1   15  7.14311E+02 0.00522 
   16    1    1    1     1     1     1    1    1   16  6.91025E+02 0.00504 
   17    1    1    1     1     1     1    1    2    1  7.21379E+02 0.00474 
   18    1    1    1     1     1     1    1    2    2  7.31891E+02 0.00516 
   19    1    1    1     1     1     1    1    2    3  7.86544E+02 0.00469 
   20    1    1    1     1     1     1    1    2    4  8.43274E+02 0.00461 
   21    1    1    1     1     1     1    1    2    5  8.89738E+02 0.00492 
   22    1    1    1     1     1     1    1    2    6  9.36915E+02 0.00406 
   23    1    1    1     1     1     1    1    2    7  9.62988E+02 0.00425 
   24    1    1    1     1     1     1    1    2    8  9.71912E+02 0.00449 
   25    1    1    1     1     1     1    1    2    9  9.79872E+02 0.00431 
   26    1    1    1     1     1     1    1    2   10  9.70445E+02 0.00403 
   27    1    1    1     1     1     1    1    2   11  9.35972E+02 0.00399 
   28    1    1    1     1     1     1    1    2   12  9.02267E+02 0.00388 
   29    1    1    1     1     1     1    1    2   13  8.42136E+02 0.00431 
   30    1    1    1     1     1     1    1    2   14  7.87325E+02 0.00467 
   31    1    1    1     1     1     1    1    2   15  7.32231E+02 0.00489 
   32    1    1    1     1     1     1    1    2   16  7.17384E+02 0.00455 
   33    1    1    1     1     1     1    1    3    1  7.69052E+02 0.00459 
   34    1    1    1     1     1     1    1    3    2  7.86805E+02 0.00499 
   35    1    1    1     1     1     1    1    3    3  8.29886E+02 0.00494 
   36    1    1    1     1     1     1    1    3    4  9.08165E+02 0.00414 
   37    1    1    1     1     1     1    1    3    5  9.57965E+02 0.00423 
   38    1    1    1     1     1     1    1    3    6  9.99492E+02 0.00400 
   39    1    1    1     1     1     1    1    3    7  1.03218E+03 0.00407 
   40    1    1    1     1     1     1    1    3    8  1.04833E+03 0.00415 
   41    1    1    1     1     1     1    1    3    9  1.04865E+03 0.00348 
   42    1    1    1     1     1     1    1    3   10  1.03636E+03 0.00397 
   43    1    1    1     1     1     1    1    3   11  1.00239E+03 0.00446 
   44    1    1    1     1     1     1    1    3   12  9.67361E+02 0.00431 
   45    1    1    1     1     1     1    1    3   13  9.06452E+02 0.00425 
   46    1    1    1     1     1     1    1    3   14  8.41294E+02 0.00448 
   47    1    1    1     1     1     1    1    3   15  7.82745E+02 0.00539 
   48    1    1    1     1     1     1    1    3   16  7.80055E+02 0.00450 
   49    1    1    1     1     1     1    1    4    1  8.29416E+02 0.00480 
   50    1    1    1     1     1     1    1    4    2  8.39995E+02 0.00465 
   51    1    1    1     1     1     1    1    4    3  8.96390E+02 0.00416 
   52    1    1    1     1     1     1    1    4    4  9.63159E+02 0.00378 
   53    1    1    1     1     1     1    1    4    5  1.02277E+03 0.00460 
   54    1    1    1     1     1     1    1    4    6  1.07914E+03 0.00423 
   55    1    1    1     1     1     1    1    4    7  1.10483E+03 0.00410 
   56    1    1    1     1     1     1    1    4    8  1.12216E+03 0.00375 
   57    1    1    1     1     1     1    1    4    9  1.13005E+03 0.00389 
   58    1    1    1     1     1     1    1    4   10  1.10381E+03 0.00372 
   59    1    1    1     1     1     1    1    4   11  1.07838E+03 0.00403 
   60    1    1    1     1     1     1    1    4   12  1.03506E+03 0.00412 
   61    1    1    1     1     1     1    1    4   13  9.66919E+02 0.00439 
   62    1    1    1     1     1     1    1    4   14  9.02087E+02 0.00451 
   63    1    1    1     1     1     1    1    4   15  8.45532E+02 0.00458 
   64    1    1    1     1     1     1    1    4   16  8.32608E+02 0.00470 
   65    1    1    1     1     1     1    1    5    1  8.81355E+02 0.00418 
   66    1    1    1     1     1     1    1    5    2  8.87695E+02 0.00423 
   67    1    1    1     1     1     1    1    5    3  9.55040E+02 0.00410 
   68    1    1    1     1     1     1    1    5    4  1.02102E+03 0.00367 
   69    1    1    1     1     1     1    1    5    5  1.09225E+03 0.00371 
   70    1    1    1     1     1     1    1    5    6  1.14019E+03 0.00325 
   71    1    1    1     1     1     1    1    5    7  1.17675E+03 0.00402 
   72    1    1    1     1     1     1    1    5    8  1.19104E+03 0.00376 
   73    1    1    1     1     1     1    1    5    9  1.19343E+03 0.00361 
   74    1    1    1     1     1     1    1    5   10  1.17865E+03 0.00349 
   75    1    1    1     1     1     1    1    5   11  1.14572E+03 0.00331 
   76    1    1    1     1     1     1    1    5   12  1.08932E+03 0.00400 
   77    1    1    1     1     1     1    1    5   13  1.02999E+03 0.00394 
   78    1    1    1     1     1     1    1    5   14  9.59673E+02 0.00460 
   79    1    1    1     1     1     1    1    5   15  8.90838E+02 0.00419 
   80    1    1    1     1     1     1    1    5   16  8.80056E+02 0.00433 
   81    1    1    1     1     1     1    1    6    1  9.15502E+02 0.00394 
   82    1    1    1     1     1     1    1    6    2  9.24910E+02 0.00440 
   83    1    1    1     1     1     1    1    6    3  9.93917E+02 0.00428 
   84    1    1    1     1     1     1    1    6    4  1.07682E+03 0.00349 
   85    1    1    1     1     1     1    1    6    5  1.13749E+03 0.00385 
   86    1    1    1     1     1     1    1    6    6  1.19762E+03 0.00371 
   87    1    1    1     1     1     1    1    6    7  1.22895E+03 0.00444 
   88    1    1    1     1     1     1    1    6    8  1.24979E+03 0.00354 
   89    1    1    1     1     1     1    1    6    9  1.24243E+03 0.00339 
   90    1    1    1     1     1     1    1    6   10  1.22385E+03 0.00359 
   91    1    1    1     1     1     1    1    6   11  1.19604E+03 0.00362 
   92    1    1    1     1     1     1    1    6   12  1.14053E+03 0.00345 
   93    1    1    1     1     1     1    1    6   13  1.07206E+03 0.00328 
   94    1    1    1     1     1     1    1    6   14  1.00240E+03 0.00465 
   95    1    1    1     1     1     1    1    6   15  9.38551E+02 0.00457 
   96    1    1    1     1     1     1    1    6   16  9.27429E+02 0.00408 
   97    1    1    1     1     1     1    1    7    1  9.42355E+02 0.00390 
   98    1    1    1     1     1     1    1    7    2  9.61720E+02 0.00429 
   99    1    1    1     1     1     1    1    7    3  1.02498E+03 0.00399 
  100    1    1    1     1     1     1    1    7    4  1.10134E+03 0.00373 
  101    1    1    1     1     1     1    1    7    5  1.17657E+03 0.00366 
  102    1    1    1     1     1     1    1    7    6  1.22766E+03 0.00362 
  103    1    1    1     1     1     1    1    7    7  1.26266E+03 0.00354 
  104    1    1    1     1     1     1    1    7    8  1.28294E+03 0.00349 
  105    1    1    1     1     1     1    1    7    9  1.28501E+03 0.00352 
