
DETpinpowers = [
    1    1    1    1     1     1     1    1    1    1  6.87049E+02 0.00516 
    2    1    1    1     1     1     1    1    1    2  7.18931E+02 0.00504 
    3    1    1    1     1     1     1    1    1    3  7.71737E+02 0.00503 
    4    1    1    1     1     1     1    1    1    4  8.31242E+02 0.00437 
    5    1    1    1     1     1     1    1    1    5  8.77738E+02 0.00350 
    6    1    1    1     1     1     1    1    1    6  9.15063E+02 0.00407 
    7    1    1    1     1     1     1    1    1    7  9.40908E+02 0.00471 
    8    1    1    1     1     1     1    1    1    8  9.57299E+02 0.00353 
    9    1    1    1     1     1     1    1    1    9  9.53918E+02 0.00370 
   10    1    1    1     1     1     1    1    1   10  9.37927E+02 0.00405 
   11    1    1    1     1     1     1    1    1   11  9.20647E+02 0.00493 
   12    1    1    1     1     1     1    1    1   12  8.85901E+02 0.00431 
   13    1    1    1     1     1     1    1    1   13  8.24952E+02 0.00426 
   14    1    1    1     1     1     1    1    1   14  7.72225E+02 0.00494 
   15    1    1    1     1     1     1    1    1   15  7.15281E+02 0.00519 
   16    1    1    1     1     1     1    1    1   16  6.86879E+02 0.00510 
   17    1    1    1     1     1     1    1    2    1  7.13347E+02 0.00449 
   18    1    1    1     1     1     1    1    2    2  7.32675E+02 0.00493 
   19    1    1    1     1     1     1    1    2    3  7.81837E+02 0.00521 
   20    1    1    1     1     1     1    1    2    4  8.37698E+02 0.00500 
   21    1    1    1     1     1     1    1    2    5  8.92671E+02 0.00409 
   22    1    1    1     1     1     1    1    2    6  9.32737E+02 0.00443 
   23    1    1    1     1     1     1    1    2    7  9.54720E+02 0.00437 
   24    1    1    1     1     1     1    1    2    8  9.67037E+02 0.00426 
   25    1    1    1     1     1     1    1    2    9  9.72017E+02 0.00435 
   26    1    1    1     1     1     1    1    2   10  9.58207E+02 0.00402 
   27    1    1    1     1     1     1    1    2   11  9.31787E+02 0.00444 
   28    1    1    1     1     1     1    1    2   12  8.86564E+02 0.00404 
   29    1    1    1     1     1     1    1    2   13  8.41393E+02 0.00408 
   30    1    1    1     1     1     1    1    2   14  7.87932E+02 0.00448 
   31    1    1    1     1     1     1    1    2   15  7.26014E+02 0.00482 
   32    1    1    1     1     1     1    1    2   16  7.21626E+02 0.00508 
   33    1    1    1     1     1     1    1    3    1  7.72691E+02 0.00481 
   34    1    1    1     1     1     1    1    3    2  7.85739E+02 0.00496 
   35    1    1    1     1     1     1    1    3    3  8.41043E+02 0.00490 
   36    1    1    1     1     1     1    1    3    4  8.96704E+02 0.00435 
   37    1    1    1     1     1     1    1    3    5  9.58421E+02 0.00394 
   38    1    1    1     1     1     1    1    3    6  9.89341E+02 0.00312 
   39    1    1    1     1     1     1    1    3    7  1.02326E+03 0.00426 
   40    1    1    1     1     1     1    1    3    8  1.03818E+03 0.00416 
   41    1    1    1     1     1     1    1    3    9  1.04430E+03 0.00391 
   42    1    1    1     1     1     1    1    3   10  1.02268E+03 0.00407 
   43    1    1    1     1     1     1    1    3   11  9.97003E+02 0.00425 
   44    1    1    1     1     1     1    1    3   12  9.61071E+02 0.00436 
   45    1    1    1     1     1     1    1    3   13  9.01780E+02 0.00405 
   46    1    1    1     1     1     1    1    3   14  8.38700E+02 0.00481 
   47    1    1    1     1     1     1    1    3   15  7.87829E+02 0.00415 
   48    1    1    1     1     1     1    1    3   16  7.71775E+02 0.00512 
   49    1    1    1     1     1     1    1    4    1  8.38187E+02 0.00439 
   50    1    1    1     1     1     1    1    4    2  8.45001E+02 0.00379 
   51    1    1    1     1     1     1    1    4    3  8.98324E+02 0.00418 
   52    1    1    1     1     1     1    1    4    4  9.66927E+02 0.00469 
   53    1    1    1     1     1     1    1    4    5  1.02764E+03 0.00408 
   54    1    1    1     1     1     1    1    4    6  1.07377E+03 0.00381 
   55    1    1    1     1     1     1    1    4    7  1.10098E+03 0.00392 
   56    1    1    1     1     1     1    1    4    8  1.11353E+03 0.00393 
   57    1    1    1     1     1     1    1    4    9  1.11751E+03 0.00394 
   58    1    1    1     1     1     1    1    4   10  1.10354E+03 0.00418 
   59    1    1    1     1     1     1    1    4   11  1.07604E+03 0.00458 
   60    1    1    1     1     1     1    1    4   12  1.02922E+03 0.00400 
   61    1    1    1     1     1     1    1    4   13  9.70629E+02 0.00460 
   62    1    1    1     1     1     1    1    4   14  8.98675E+02 0.00410 
   63    1    1    1     1     1     1    1    4   15  8.38779E+02 0.00443 
   64    1    1    1     1     1     1    1    4   16  8.33104E+02 0.00372 
   65    1    1    1     1     1     1    1    5    1  8.88519E+02 0.00478 
   66    1    1    1     1     1     1    1    5    2  8.98897E+02 0.00409 
   67    1    1    1     1     1     1    1    5    3  9.59003E+02 0.00444 
   68    1    1    1     1     1     1    1    5    4  1.02540E+03 0.00399 
   69    1    1    1     1     1     1    1    5    5  1.09252E+03 0.00443 
   70    1    1    1     1     1     1    1    5    6  1.13828E+03 0.00377 
   71    1    1    1     1     1     1    1    5    7  1.16926E+03 0.00361 
   72    1    1    1     1     1     1    1    5    8  1.18935E+03 0.00385 
   73    1    1    1     1     1     1    1    5    9  1.19172E+03 0.00354 
   74    1    1    1     1     1     1    1    5   10  1.17773E+03 0.00342 
   75    1    1    1     1     1     1    1    5   11  1.14281E+03 0.00354 
   76    1    1    1     1     1     1    1    5   12  1.09868E+03 0.00421 
   77    1    1    1     1     1     1    1    5   13  1.02708E+03 0.00341 
   78    1    1    1     1     1     1    1    5   14  9.63533E+02 0.00439 
   79    1    1    1     1     1     1    1    5   15  8.94021E+02 0.00423 
   80    1    1    1     1     1     1    1    5   16  8.83439E+02 0.00428 
   81    1    1    1     1     1     1    1    6    1  9.18371E+02 0.00385 
   82    1    1    1     1     1     1    1    6    2  9.33713E+02 0.00401 
   83    1    1    1     1     1     1    1    6    3  1.00089E+03 0.00408 
   84    1    1    1     1     1     1    1    6    4  1.07359E+03 0.00401 
   85    1    1    1     1     1     1    1    6    5  1.13111E+03 0.00349 
   86    1    1    1     1     1     1    1    6    6  1.19175E+03 0.00359 
   87    1    1    1     1     1     1    1    6    7  1.22245E+03 0.00331 
   88    1    1    1     1     1     1    1    6    8  1.24403E+03 0.00352 
   89    1    1    1     1     1     1    1    6    9  1.24484E+03 0.00350 
   90    1    1    1     1     1     1    1    6   10  1.22540E+03 0.00375 
   91    1    1    1     1     1     1    1    6   11  1.18842E+03 0.00344 
   92    1    1    1     1     1     1    1    6   12  1.13667E+03 0.00389 
   93    1    1    1     1     1     1    1    6   13  1.07197E+03 0.00423 
   94    1    1    1     1     1     1    1    6   14  1.00567E+03 0.00361 
   95    1    1    1     1     1     1    1    6   15  9.36353E+02 0.00374 
   96    1    1    1     1     1     1    1    6   16  9.31330E+02 0.00476 
   97    1    1    1     1     1     1    1    7    1  9.47812E+02 0.00446 
   98    1    1    1     1     1     1    1    7    2  9.64962E+02 0.00404 
   99    1    1    1     1     1     1    1    7    3  1.02561E+03 0.00378 
  100    1    1    1     1     1     1    1    7    4  1.10797E+03 0.00420 
  101    1    1    1     1     1     1    1    7    5  1.17643E+03 0.00355 
  102    1    1    1     1     1     1    1    7    6  1.22605E+03 0.00339 
  103    1    1    1     1     1     1    1    7    7  1.26145E+03 0.00354 
  104    1    1    1     1     1     1    1    7    8  1.27122E+03 0.00369 
  105    1    1    1     1     1     1    1    7    9  1.27441E+03 0.00362 
