
DETpinpowers = [
    1    1    1    1     1     1     1    1    1    1  6.89743E+02 0.01031 
    2    1    1    1     1     1     1    1    1    2  7.11047E+02 0.00981 
    3    1    1    1     1     1     1    1    1    3  7.73512E+02 0.00939 
    4    1    1    1     1     1     1    1    1    4  8.34662E+02 0.00969 
    5    1    1    1     1     1     1    1    1    5  8.82897E+02 0.00964 
    6    1    1    1     1     1     1    1    1    6  9.23839E+02 0.00946 
    7    1    1    1     1     1     1    1    1    7  9.59833E+02 0.00822 
    8    1    1    1     1     1     1    1    1    8  9.67351E+02 0.00813 
    9    1    1    1     1     1     1    1    1    9  9.50210E+02 0.00902 
   10    1    1    1     1     1     1    1    1   10  9.54440E+02 0.00887 
   11    1    1    1     1     1     1    1    1   11  9.23134E+02 0.00892 
   12    1    1    1     1     1     1    1    1   12  8.79199E+02 0.00859 
   13    1    1    1     1     1     1    1    1   13  8.28288E+02 0.00950 
   14    1    1    1     1     1     1    1    1   14  7.70447E+02 0.00832 
   15    1    1    1     1     1     1    1    1   15  7.12679E+02 0.01091 
   16    1    1    1     1     1     1    1    1   16  6.79530E+02 0.00942 
   17    1    1    1     1     1     1    1    2    1  7.13462E+02 0.00994 
   18    1    1    1     1     1     1    1    2    2  7.27439E+02 0.01040 
   19    1    1    1     1     1     1    1    2    3  7.83443E+02 0.00957 
   20    1    1    1     1     1     1    1    2    4  8.32266E+02 0.00898 
   21    1    1    1     1     1     1    1    2    5  8.90132E+02 0.00878 
   22    1    1    1     1     1     1    1    2    6  9.42898E+02 0.00841 
   23    1    1    1     1     1     1    1    2    7  9.62873E+02 0.00876 
   24    1    1    1     1     1     1    1    2    8  9.78564E+02 0.00690 
   25    1    1    1     1     1     1    1    2    9  9.82442E+02 0.00806 
   26    1    1    1     1     1     1    1    2   10  9.59629E+02 0.00843 
   27    1    1    1     1     1     1    1    2   11  9.27058E+02 0.00808 
   28    1    1    1     1     1     1    1    2   12  8.84389E+02 0.00869 
   29    1    1    1     1     1     1    1    2   13  8.32264E+02 0.00995 
   30    1    1    1     1     1     1    1    2   14  7.91777E+02 0.00960 
   31    1    1    1     1     1     1    1    2   15  7.37817E+02 0.00999 
   32    1    1    1     1     1     1    1    2   16  7.15659E+02 0.01070 
   33    1    1    1     1     1     1    1    3    1  7.79509E+02 0.01016 
   34    1    1    1     1     1     1    1    3    2  7.87942E+02 0.00936 
   35    1    1    1     1     1     1    1    3    3  8.41293E+02 0.00867 
   36    1    1    1     1     1     1    1    3    4  8.97791E+02 0.00878 
   37    1    1    1     1     1     1    1    3    5  9.63173E+02 0.00771 
   38    1    1    1     1     1     1    1    3    6  1.00641E+03 0.00817 
   39    1    1    1     1     1     1    1    3    7  1.03070E+03 0.00763 
   40    1    1    1     1     1     1    1    3    8  1.05302E+03 0.00802 
   41    1    1    1     1     1     1    1    3    9  1.04934E+03 0.00764 
   42    1    1    1     1     1     1    1    3   10  1.01572E+03 0.00842 
   43    1    1    1     1     1     1    1    3   11  9.89158E+02 0.00760 
   44    1    1    1     1     1     1    1    3   12  9.62642E+02 0.00851 
   45    1    1    1     1     1     1    1    3   13  8.91421E+02 0.00835 
   46    1    1    1     1     1     1    1    3   14  8.28017E+02 0.00951 
   47    1    1    1     1     1     1    1    3   15  7.78864E+02 0.01001 
   48    1    1    1     1     1     1    1    3   16  7.50968E+02 0.01023 
   49    1    1    1     1     1     1    1    4    1  8.20178E+02 0.00985 
   50    1    1    1     1     1     1    1    4    2  8.49856E+02 0.00870 
   51    1    1    1     1     1     1    1    4    3  9.11095E+02 0.00838 
   52    1    1    1     1     1     1    1    4    4  9.76296E+02 0.00910 
   53    1    1    1     1     1     1    1    4    5  1.03662E+03 0.00826 
   54    1    1    1     1     1     1    1    4    6  1.07463E+03 0.00777 
   55    1    1    1     1     1     1    1    4    7  1.10080E+03 0.00786 
   56    1    1    1     1     1     1    1    4    8  1.11614E+03 0.00755 
   57    1    1    1     1     1     1    1    4    9  1.11895E+03 0.00734 
   58    1    1    1     1     1     1    1    4   10  1.10732E+03 0.00721 
   59    1    1    1     1     1     1    1    4   11  1.08463E+03 0.00897 
   60    1    1    1     1     1     1    1    4   12  1.03664E+03 0.00832 
   61    1    1    1     1     1     1    1    4   13  9.74849E+02 0.00851 
   62    1    1    1     1     1     1    1    4   14  9.11920E+02 0.00868 
   63    1    1    1     1     1     1    1    4   15  8.41167E+02 0.00907 
   64    1    1    1     1     1     1    1    4   16  8.27701E+02 0.00988 
   65    1    1    1     1     1     1    1    5    1  8.92781E+02 0.00932 
   66    1    1    1     1     1     1    1    5    2  9.10847E+02 0.00829 
   67    1    1    1     1     1     1    1    5    3  9.59553E+02 0.00839 
   68    1    1    1     1     1     1    1    5    4  1.04010E+03 0.00790 
   69    1    1    1     1     1     1    1    5    5  1.08755E+03 0.00772 
   70    1    1    1     1     1     1    1    5    6  1.15786E+03 0.00712 
   71    1    1    1     1     1     1    1    5    7  1.18018E+03 0.00770 
   72    1    1    1     1     1     1    1    5    8  1.19017E+03 0.00793 
   73    1    1    1     1     1     1    1    5    9  1.18547E+03 0.00818 
   74    1    1    1     1     1     1    1    5   10  1.15656E+03 0.00738 
   75    1    1    1     1     1     1    1    5   11  1.15086E+03 0.00735 
   76    1    1    1     1     1     1    1    5   12  1.11317E+03 0.00797 
   77    1    1    1     1     1     1    1    5   13  1.05002E+03 0.00791 
   78    1    1    1     1     1     1    1    5   14  9.68404E+02 0.00815 
   79    1    1    1     1     1     1    1    5   15  8.89464E+02 0.00883 
   80    1    1    1     1     1     1    1    5   16  8.71571E+02 0.01013 
   81    1    1    1     1     1     1    1    6    1  9.34081E+02 0.00925 
   82    1    1    1     1     1     1    1    6    2  9.38572E+02 0.00858 
   83    1    1    1     1     1     1    1    6    3  1.00359E+03 0.00833 
   84    1    1    1     1     1     1    1    6    4  1.07101E+03 0.00765 
   85    1    1    1     1     1     1    1    6    5  1.16032E+03 0.00810 
   86    1    1    1     1     1     1    1    6    6  1.20083E+03 0.00739 
   87    1    1    1     1     1     1    1    6    7  1.23809E+03 0.00680 
   88    1    1    1     1     1     1    1    6    8  1.25008E+03 0.00733 
   89    1    1    1     1     1     1    1    6    9  1.25034E+03 0.00796 
   90    1    1    1     1     1     1    1    6   10  1.22026E+03 0.00746 
   91    1    1    1     1     1     1    1    6   11  1.18635E+03 0.00693 
   92    1    1    1     1     1     1    1    6   12  1.14159E+03 0.00742 
   93    1    1    1     1     1     1    1    6   13  1.09063E+03 0.00810 
   94    1    1    1     1     1     1    1    6   14  1.00453E+03 0.00787 
   95    1    1    1     1     1     1    1    6   15  9.36494E+02 0.00812 
   96    1    1    1     1     1     1    1    6   16  9.23681E+02 0.00885 
   97    1    1    1     1     1     1    1    7    1  9.47728E+02 0.00766 
   98    1    1    1     1     1     1    1    7    2  9.69277E+02 0.00812 
   99    1    1    1     1     1     1    1    7    3  1.03564E+03 0.00749 
  100    1    1    1     1     1     1    1    7    4  1.10022E+03 0.00709 
  101    1    1    1     1     1     1    1    7    5  1.18436E+03 0.00700 
  102    1    1    1     1     1     1    1    7    6  1.23171E+03 0.00766 
  103    1    1    1     1     1     1    1    7    7  1.27243E+03 0.00680 
  104    1    1    1     1     1     1    1    7    8  1.28114E+03 0.00617 
  105    1    1    1     1     1     1    1    7    9  1.28067E+03 0.00705 
